# release: pcb 20110918

# To read pcb files, the pcb version (or the git source date) must be >= the file version
FileVersion[20070407]

PCB["" 560000 230000]

Grid[1000.0 0 0 0]
Cursor[34000 94000 0.000000]
PolyArea[3100.006200]
Thermal[0.500000]
DRC[1000 1000 1000 1000 1500 1000]
Flags("nameonpcb,clearnew,snappin")
Groups("2,c:1:3:4:5:6,s:7:8")
Styles["Signal,37000,37700,7500,1000:Power,7500,14000,8000,1000:Fat,8800,22000,6500,1000:Skinny,20000,14000,11600,600"]

Symbol[' ' 1800]
(
)
Symbol['!' 1200]
(
	SymbolLine[0 4500 0 5000 800]
	SymbolLine[0 1000 0 3500 800]
)
Symbol['"' 1200]
(
	SymbolLine[0 1000 0 2000 800]
	SymbolLine[1000 1000 1000 2000 800]
)
Symbol['#' 1200]
(
	SymbolLine[0 3500 2000 3500 800]
	SymbolLine[0 2500 2000 2500 800]
	SymbolLine[1500 2000 1500 4000 800]
	SymbolLine[500 2000 500 4000 800]
)
Symbol['$' 1200]
(
	SymbolLine[1500 1500 2000 2000 800]
	SymbolLine[500 1500 1500 1500 800]
	SymbolLine[0 2000 500 1500 800]
	SymbolLine[0 2000 0 2500 800]
	SymbolLine[0 2500 500 3000 800]
	SymbolLine[500 3000 1500 3000 800]
	SymbolLine[1500 3000 2000 3500 800]
	SymbolLine[2000 3500 2000 4000 800]
	SymbolLine[1500 4500 2000 4000 800]
	SymbolLine[500 4500 1500 4500 800]
	SymbolLine[0 4000 500 4500 800]
	SymbolLine[1000 1000 1000 5000 800]
)
Symbol['%' 1200]
(
	SymbolLine[0 1500 0 2000 800]
	SymbolLine[0 1500 500 1000 800]
	SymbolLine[500 1000 1000 1000 800]
	SymbolLine[1000 1000 1500 1500 800]
	SymbolLine[1500 1500 1500 2000 800]
	SymbolLine[1000 2500 1500 2000 800]
	SymbolLine[500 2500 1000 2500 800]
	SymbolLine[0 2000 500 2500 800]
	SymbolLine[0 5000 4000 1000 800]
	SymbolLine[3500 5000 4000 4500 800]
	SymbolLine[4000 4000 4000 4500 800]
	SymbolLine[3500 3500 4000 4000 800]
	SymbolLine[3000 3500 3500 3500 800]
	SymbolLine[2500 4000 3000 3500 800]
	SymbolLine[2500 4000 2500 4500 800]
	SymbolLine[2500 4500 3000 5000 800]
	SymbolLine[3000 5000 3500 5000 800]
)
Symbol['&' 1200]
(
	SymbolLine[0 4500 500 5000 800]
	SymbolLine[0 1500 0 2500 800]
	SymbolLine[0 1500 500 1000 800]
	SymbolLine[0 3500 1500 2000 800]
	SymbolLine[500 5000 1000 5000 800]
	SymbolLine[1000 5000 2000 4000 800]
	SymbolLine[0 2500 2500 5000 800]
	SymbolLine[500 1000 1000 1000 800]
	SymbolLine[1000 1000 1500 1500 800]
	SymbolLine[1500 1500 1500 2000 800]
	SymbolLine[0 3500 0 4500 800]
)
Symbol[''' 1200]
(
	SymbolLine[0 2000 1000 1000 800]
)
Symbol['(' 1200]
(
	SymbolLine[0 4500 500 5000 800]
	SymbolLine[0 1500 500 1000 800]
	SymbolLine[0 1500 0 4500 800]
)
Symbol[')' 1200]
(
	SymbolLine[0 1000 500 1500 800]
	SymbolLine[500 1500 500 4500 800]
	SymbolLine[0 5000 500 4500 800]
)
Symbol['*' 1200]
(
	SymbolLine[0 2000 2000 4000 800]
	SymbolLine[0 4000 2000 2000 800]
	SymbolLine[0 3000 2000 3000 800]
	SymbolLine[1000 2000 1000 4000 800]
)
Symbol['+' 1200]
(
	SymbolLine[0 3000 2000 3000 800]
	SymbolLine[1000 2000 1000 4000 800]
)
Symbol[',' 1200]
(
	SymbolLine[0 6000 1000 5000 800]
)
Symbol['-' 1200]
(
	SymbolLine[0 3000 2000 3000 800]
)
Symbol['.' 1200]
(
	SymbolLine[0 5000 500 5000 800]
)
Symbol['/' 1200]
(
	SymbolLine[0 4500 3000 1500 800]
)
Symbol['0' 1200]
(
	SymbolLine[0 4500 500 5000 800]
	SymbolLine[0 1500 0 4500 800]
	SymbolLine[0 1500 500 1000 800]
	SymbolLine[500 1000 1500 1000 800]
	SymbolLine[1500 1000 2000 1500 800]
	SymbolLine[2000 1500 2000 4500 800]
	SymbolLine[1500 5000 2000 4500 800]
	SymbolLine[500 5000 1500 5000 800]
	SymbolLine[0 4000 2000 2000 800]
)
Symbol['1' 1200]
(
	SymbolLine[0 1800 800 1000 800]
	SymbolLine[800 1000 800 5000 800]
	SymbolLine[0 5000 1500 5000 800]
)
Symbol['2' 1200]
(
	SymbolLine[0 1500 500 1000 800]
	SymbolLine[500 1000 2000 1000 800]
	SymbolLine[2000 1000 2500 1500 800]
	SymbolLine[2500 1500 2500 2500 800]
	SymbolLine[0 5000 2500 2500 800]
	SymbolLine[0 5000 2500 5000 800]
)
Symbol['3' 1200]
(
	SymbolLine[0 1500 500 1000 800]
	SymbolLine[500 1000 1500 1000 800]
	SymbolLine[1500 1000 2000 1500 800]
	SymbolLine[1500 5000 2000 4500 800]
	SymbolLine[500 5000 1500 5000 800]
	SymbolLine[0 4500 500 5000 800]
	SymbolLine[500 2800 1500 2800 800]
	SymbolLine[2000 1500 2000 2300 800]
	SymbolLine[2000 3300 2000 4500 800]
	SymbolLine[2000 3300 1500 2800 800]
	SymbolLine[2000 2300 1500 2800 800]
)
Symbol['4' 1200]
(
	SymbolLine[0 3500 2000 1000 800]
	SymbolLine[0 3500 2500 3500 800]
	SymbolLine[2000 1000 2000 5000 800]
)
Symbol['5' 1200]
(
	SymbolLine[0 1000 2000 1000 800]
	SymbolLine[0 1000 0 3000 800]
	SymbolLine[0 3000 500 2500 800]
	SymbolLine[500 2500 1500 2500 800]
	SymbolLine[1500 2500 2000 3000 800]
	SymbolLine[2000 3000 2000 4500 800]
	SymbolLine[1500 5000 2000 4500 800]
	SymbolLine[500 5000 1500 5000 800]
	SymbolLine[0 4500 500 5000 800]
)
Symbol['6' 1200]
(
	SymbolLine[1500 1000 2000 1500 800]
	SymbolLine[500 1000 1500 1000 800]
	SymbolLine[0 1500 500 1000 800]
	SymbolLine[0 1500 0 4500 800]
	SymbolLine[0 4500 500 5000 800]
	SymbolLine[1500 2800 2000 3300 800]
	SymbolLine[0 2800 1500 2800 800]
	SymbolLine[500 5000 1500 5000 800]
	SymbolLine[1500 5000 2000 4500 800]
	SymbolLine[2000 3300 2000 4500 800]
)
Symbol['7' 1200]
(
	SymbolLine[500 5000 2500 1000 800]
	SymbolLine[0 1000 2500 1000 800]
)
Symbol['8' 1200]
(
	SymbolLine[0 4500 500 5000 800]
	SymbolLine[0 3700 0 4500 800]
	SymbolLine[0 3700 700 3000 800]
	SymbolLine[700 3000 1300 3000 800]
	SymbolLine[1300 3000 2000 3700 800]
	SymbolLine[2000 3700 2000 4500 800]
	SymbolLine[1500 5000 2000 4500 800]
	SymbolLine[500 5000 1500 5000 800]
	SymbolLine[0 2300 700 3000 800]
	SymbolLine[0 1500 0 2300 800]
	SymbolLine[0 1500 500 1000 800]
	SymbolLine[500 1000 1500 1000 800]
	SymbolLine[1500 1000 2000 1500 800]
	SymbolLine[2000 1500 2000 2300 800]
	SymbolLine[1300 3000 2000 2300 800]
)
Symbol['9' 1200]
(
	SymbolLine[500 5000 2000 3000 800]
	SymbolLine[2000 1500 2000 3000 800]
	SymbolLine[1500 1000 2000 1500 800]
	SymbolLine[500 1000 1500 1000 800]
	SymbolLine[0 1500 500 1000 800]
	SymbolLine[0 1500 0 2500 800]
	SymbolLine[0 2500 500 3000 800]
	SymbolLine[500 3000 2000 3000 800]
)
Symbol[':' 1200]
(
	SymbolLine[0 2500 500 2500 800]
	SymbolLine[0 3500 500 3500 800]
)
Symbol[';' 1200]
(
	SymbolLine[0 5000 1000 4000 800]
	SymbolLine[1000 2500 1000 3000 800]
)
Symbol['<' 1200]
(
	SymbolLine[0 3000 1000 2000 800]
	SymbolLine[0 3000 1000 4000 800]
)
Symbol['=' 1200]
(
	SymbolLine[0 2500 2000 2500 800]
	SymbolLine[0 3500 2000 3500 800]
)
Symbol['>' 1200]
(
	SymbolLine[0 2000 1000 3000 800]
	SymbolLine[0 4000 1000 3000 800]
)
Symbol['?' 1200]
(
	SymbolLine[1000 3000 1000 3500 800]
	SymbolLine[1000 4500 1000 5000 800]
	SymbolLine[0 1500 0 2000 800]
	SymbolLine[0 1500 500 1000 800]
	SymbolLine[500 1000 1500 1000 800]
	SymbolLine[1500 1000 2000 1500 800]
	SymbolLine[2000 1500 2000 2000 800]
	SymbolLine[1000 3000 2000 2000 800]
)
Symbol['@' 1200]
(
	SymbolLine[0 1000 0 4000 800]
	SymbolLine[0 4000 1000 5000 800]
	SymbolLine[1000 5000 4000 5000 800]
	SymbolLine[5000 3500 5000 1000 800]
	SymbolLine[5000 1000 4000 0 800]
	SymbolLine[4000 0 1000 0 800]
	SymbolLine[1000 0 0 1000 800]
	SymbolLine[1500 2000 1500 3000 800]
	SymbolLine[1500 3000 2000 3500 800]
	SymbolLine[2000 3500 3000 3500 800]
	SymbolLine[3000 3500 3500 3000 800]
	SymbolLine[3500 3000 4000 3500 800]
	SymbolLine[3500 3000 3500 1500 800]
	SymbolLine[3500 2000 3000 1500 800]
	SymbolLine[2000 1500 3000 1500 800]
	SymbolLine[2000 1500 1500 2000 800]
	SymbolLine[4000 3500 5000 3500 800]
)
Symbol['A' 1200]
(
	SymbolLine[0 2000 0 5000 800]
	SymbolLine[0 2000 700 1000 800]
	SymbolLine[700 1000 1800 1000 800]
	SymbolLine[1800 1000 2500 2000 800]
	SymbolLine[2500 2000 2500 5000 800]
	SymbolLine[0 3000 2500 3000 800]
)
Symbol['B' 1200]
(
	SymbolLine[0 5000 2000 5000 800]
	SymbolLine[2000 5000 2500 4500 800]
	SymbolLine[2500 3300 2500 4500 800]
	SymbolLine[2000 2800 2500 3300 800]
	SymbolLine[500 2800 2000 2800 800]
	SymbolLine[500 1000 500 5000 800]
	SymbolLine[0 1000 2000 1000 800]
	SymbolLine[2000 1000 2500 1500 800]
	SymbolLine[2500 1500 2500 2300 800]
	SymbolLine[2000 2800 2500 2300 800]
)
Symbol['C' 1200]
(
	SymbolLine[700 5000 2000 5000 800]
	SymbolLine[0 4300 700 5000 800]
	SymbolLine[0 1700 0 4300 800]
	SymbolLine[0 1700 700 1000 800]
	SymbolLine[700 1000 2000 1000 800]
)
Symbol['D' 1200]
(
	SymbolLine[500 1000 500 5000 800]
	SymbolLine[1800 1000 2500 1700 800]
	SymbolLine[2500 1700 2500 4300 800]
	SymbolLine[1800 5000 2500 4300 800]
	SymbolLine[0 5000 1800 5000 800]
	SymbolLine[0 1000 1800 1000 800]
)
Symbol['E' 1200]
(
	SymbolLine[0 2800 1500 2800 800]
	SymbolLine[0 5000 2000 5000 800]
	SymbolLine[0 1000 0 5000 800]
	SymbolLine[0 1000 2000 1000 800]
)
Symbol['F' 1200]
(
	SymbolLine[0 1000 0 5000 800]
	SymbolLine[0 1000 2000 1000 800]
	SymbolLine[0 2800 1500 2800 800]
)
Symbol['G' 1200]
(
	SymbolLine[2000 1000 2500 1500 800]
	SymbolLine[500 1000 2000 1000 800]
	SymbolLine[0 1500 500 1000 800]
	SymbolLine[0 1500 0 4500 800]
	SymbolLine[0 4500 500 5000 800]
	SymbolLine[500 5000 2000 5000 800]
	SymbolLine[2000 5000 2500 4500 800]
	SymbolLine[2500 3500 2500 4500 800]
	SymbolLine[2000 3000 2500 3500 800]
	SymbolLine[1000 3000 2000 3000 800]
)
Symbol['H' 1200]
(
	SymbolLine[0 1000 0 5000 800]
	SymbolLine[2500 1000 2500 5000 800]
	SymbolLine[0 3000 2500 3000 800]
)
Symbol['I' 1200]
(
	SymbolLine[0 1000 1000 1000 800]
	SymbolLine[500 1000 500 5000 800]
	SymbolLine[0 5000 1000 5000 800]
)
Symbol['J' 1200]
(
	SymbolLine[700 1000 1500 1000 800]
	SymbolLine[1500 1000 1500 4500 800]
	SymbolLine[1000 5000 1500 4500 800]
	SymbolLine[500 5000 1000 5000 800]
	SymbolLine[0 4500 500 5000 800]
	SymbolLine[0 4500 0 4000 800]
)
Symbol['K' 1200]
(
	SymbolLine[0 1000 0 5000 800]
	SymbolLine[0 3000 2000 1000 800]
	SymbolLine[0 3000 2000 5000 800]
)
Symbol['L' 1200]
(
	SymbolLine[0 1000 0 5000 800]
	SymbolLine[0 5000 2000 5000 800]
)
Symbol['M' 1200]
(
	SymbolLine[0 1000 0 5000 800]
	SymbolLine[0 1000 1500 3000 800]
	SymbolLine[1500 3000 3000 1000 800]
	SymbolLine[3000 1000 3000 5000 800]
)
Symbol['N' 1200]
(
	SymbolLine[0 1000 0 5000 800]
	SymbolLine[0 1000 2500 5000 800]
	SymbolLine[2500 1000 2500 5000 800]
)
Symbol['O' 1200]
(
	SymbolLine[0 1500 0 4500 800]
	SymbolLine[0 1500 500 1000 800]
	SymbolLine[500 1000 1500 1000 800]
	SymbolLine[1500 1000 2000 1500 800]
	SymbolLine[2000 1500 2000 4500 800]
	SymbolLine[1500 5000 2000 4500 800]
	SymbolLine[500 5000 1500 5000 800]
	SymbolLine[0 4500 500 5000 800]
)
Symbol['P' 1200]
(
	SymbolLine[500 1000 500 5000 800]
	SymbolLine[0 1000 2000 1000 800]
	SymbolLine[2000 1000 2500 1500 800]
	SymbolLine[2500 1500 2500 2500 800]
	SymbolLine[2000 3000 2500 2500 800]
	SymbolLine[500 3000 2000 3000 800]
)
Symbol['Q' 1200]
(
	SymbolLine[0 1500 0 4500 800]
	SymbolLine[0 1500 500 1000 800]
	SymbolLine[500 1000 1500 1000 800]
	SymbolLine[1500 1000 2000 1500 800]
	SymbolLine[2000 1500 2000 4000 800]
	SymbolLine[1000 5000 2000 4000 800]
	SymbolLine[500 5000 1000 5000 800]
	SymbolLine[0 4500 500 5000 800]
	SymbolLine[1000 3500 2000 5000 800]
)
Symbol['R' 1200]
(
	SymbolLine[0 1000 2000 1000 800]
	SymbolLine[2000 1000 2500 1500 800]
	SymbolLine[2500 1500 2500 2500 800]
	SymbolLine[2000 3000 2500 2500 800]
	SymbolLine[500 3000 2000 3000 800]
	SymbolLine[500 1000 500 5000 800]
	SymbolLine[1300 3000 2500 5000 800]
)
Symbol['S' 1200]
(
	SymbolLine[2000 1000 2500 1500 800]
	SymbolLine[500 1000 2000 1000 800]
	SymbolLine[0 1500 500 1000 800]
	SymbolLine[0 1500 0 2500 800]
	SymbolLine[0 2500 500 3000 800]
	SymbolLine[500 3000 2000 3000 800]
	SymbolLine[2000 3000 2500 3500 800]
	SymbolLine[2500 3500 2500 4500 800]
	SymbolLine[2000 5000 2500 4500 800]
	SymbolLine[500 5000 2000 5000 800]
	SymbolLine[0 4500 500 5000 800]
)
Symbol['T' 1200]
(
	SymbolLine[0 1000 2000 1000 800]
	SymbolLine[1000 1000 1000 5000 800]
)
Symbol['U' 1200]
(
	SymbolLine[0 1000 0 4500 800]
	SymbolLine[0 4500 500 5000 800]
	SymbolLine[500 5000 1500 5000 800]
	SymbolLine[1500 5000 2000 4500 800]
	SymbolLine[2000 1000 2000 4500 800]
)
Symbol['V' 1200]
(
	SymbolLine[0 1000 1000 5000 800]
	SymbolLine[1000 5000 2000 1000 800]
)
Symbol['W' 1200]
(
	SymbolLine[0 1000 0 3000 800]
	SymbolLine[0 3000 500 5000 800]
	SymbolLine[500 5000 1500 3000 800]
	SymbolLine[1500 3000 2500 5000 800]
	SymbolLine[2500 5000 3000 3000 800]
	SymbolLine[3000 3000 3000 1000 800]
)
Symbol['X' 1200]
(
	SymbolLine[0 5000 2500 1000 800]
	SymbolLine[0 1000 2500 5000 800]
)
Symbol['Y' 1200]
(
	SymbolLine[0 1000 1000 3000 800]
	SymbolLine[1000 3000 2000 1000 800]
	SymbolLine[1000 3000 1000 5000 800]
)
Symbol['Z' 1200]
(
	SymbolLine[0 1000 2500 1000 800]
	SymbolLine[0 5000 2500 1000 800]
	SymbolLine[0 5000 2500 5000 800]
)
Symbol['[' 1200]
(
	SymbolLine[0 1000 500 1000 800]
	SymbolLine[0 1000 0 5000 800]
	SymbolLine[0 5000 500 5000 800]
)
Symbol['\' 1200]
(
	SymbolLine[0 1500 3000 4500 800]
)
Symbol[']' 1200]
(
	SymbolLine[0 1000 500 1000 800]
	SymbolLine[500 1000 500 5000 800]
	SymbolLine[0 5000 500 5000 800]
)
Symbol['^' 1200]
(
	SymbolLine[0 1500 500 1000 800]
	SymbolLine[500 1000 1000 1500 800]
)
Symbol['_' 1200]
(
	SymbolLine[0 5000 2000 5000 800]
)
Symbol['a' 1200]
(
	SymbolLine[1500 3000 2000 3500 800]
	SymbolLine[500 3000 1500 3000 800]
	SymbolLine[0 3500 500 3000 800]
	SymbolLine[0 3500 0 4500 800]
	SymbolLine[0 4500 500 5000 800]
	SymbolLine[2000 3000 2000 4500 800]
	SymbolLine[2000 4500 2500 5000 800]
	SymbolLine[500 5000 1500 5000 800]
	SymbolLine[1500 5000 2000 4500 800]
)
Symbol['b' 1200]
(
	SymbolLine[0 1000 0 5000 800]
	SymbolLine[0 4500 500 5000 800]
	SymbolLine[500 5000 1500 5000 800]
	SymbolLine[1500 5000 2000 4500 800]
	SymbolLine[2000 3500 2000 4500 800]
	SymbolLine[1500 3000 2000 3500 800]
	SymbolLine[500 3000 1500 3000 800]
	SymbolLine[0 3500 500 3000 800]
)
Symbol['c' 1200]
(
	SymbolLine[500 3000 2000 3000 800]
	SymbolLine[0 3500 500 3000 800]
	SymbolLine[0 3500 0 4500 800]
	SymbolLine[0 4500 500 5000 800]
	SymbolLine[500 5000 2000 5000 800]
)
Symbol['d' 1200]
(
	SymbolLine[2000 1000 2000 5000 800]
	SymbolLine[1500 5000 2000 4500 800]
	SymbolLine[500 5000 1500 5000 800]
	SymbolLine[0 4500 500 5000 800]
	SymbolLine[0 3500 0 4500 800]
	SymbolLine[0 3500 500 3000 800]
	SymbolLine[500 3000 1500 3000 800]
	SymbolLine[1500 3000 2000 3500 800]
)
Symbol['e' 1200]
(
	SymbolLine[500 5000 2000 5000 800]
	SymbolLine[0 4500 500 5000 800]
	SymbolLine[0 3500 0 4500 800]
	SymbolLine[0 3500 500 3000 800]
	SymbolLine[500 3000 1500 3000 800]
	SymbolLine[1500 3000 2000 3500 800]
	SymbolLine[0 4000 2000 4000 800]
	SymbolLine[2000 4000 2000 3500 800]
)
Symbol['f' 1000]
(
	SymbolLine[500 1500 500 5000 800]
	SymbolLine[500 1500 1000 1000 800]
	SymbolLine[1000 1000 1500 1000 800]
	SymbolLine[0 3000 1000 3000 800]
)
Symbol['g' 1200]
(
	SymbolLine[1500 3000 2000 3500 800]
	SymbolLine[500 3000 1500 3000 800]
	SymbolLine[0 3500 500 3000 800]
	SymbolLine[0 3500 0 4500 800]
	SymbolLine[0 4500 500 5000 800]
	SymbolLine[500 5000 1500 5000 800]
	SymbolLine[1500 5000 2000 4500 800]
	SymbolLine[0 6000 500 6500 800]
	SymbolLine[500 6500 1500 6500 800]
	SymbolLine[1500 6500 2000 6000 800]
	SymbolLine[2000 3000 2000 6000 800]
)
Symbol['h' 1200]
(
	SymbolLine[0 1000 0 5000 800]
	SymbolLine[0 3500 500 3000 800]
	SymbolLine[500 3000 1500 3000 800]
	SymbolLine[1500 3000 2000 3500 800]
	SymbolLine[2000 3500 2000 5000 800]
)
Symbol['i' 1000]
(
	SymbolLine[0 2000 0 2100 1000]
	SymbolLine[0 3500 0 5000 800]
)
Symbol['j' 1000]
(
	SymbolLine[500 2000 500 2100 1000]
	SymbolLine[500 3500 500 6000 800]
	SymbolLine[0 6500 500 6000 800]
)
Symbol['k' 1200]
(
	SymbolLine[0 1000 0 5000 800]
	SymbolLine[0 3500 1500 5000 800]
	SymbolLine[0 3500 1000 2500 800]
)
Symbol['l' 1000]
(
	SymbolLine[0 1000 0 4500 800]
	SymbolLine[0 4500 500 5000 800]
)
Symbol['m' 1200]
(
	SymbolLine[500 3500 500 5000 800]
	SymbolLine[500 3500 1000 3000 800]
	SymbolLine[1000 3000 1500 3000 800]
	SymbolLine[1500 3000 2000 3500 800]
	SymbolLine[2000 3500 2000 5000 800]
	SymbolLine[2000 3500 2500 3000 800]
	SymbolLine[2500 3000 3000 3000 800]
	SymbolLine[3000 3000 3500 3500 800]
	SymbolLine[3500 3500 3500 5000 800]
	SymbolLine[0 3000 500 3500 800]
)
Symbol['n' 1200]
(
	SymbolLine[500 3500 500 5000 800]
	SymbolLine[500 3500 1000 3000 800]
	SymbolLine[1000 3000 1500 3000 800]
	SymbolLine[1500 3000 2000 3500 800]
	SymbolLine[2000 3500 2000 5000 800]
	SymbolLine[0 3000 500 3500 800]
)
Symbol['o' 1200]
(
	SymbolLine[0 3500 0 4500 800]
	SymbolLine[0 3500 500 3000 800]
	SymbolLine[500 3000 1500 3000 800]
	SymbolLine[1500 3000 2000 3500 800]
	SymbolLine[2000 3500 2000 4500 800]
	SymbolLine[1500 5000 2000 4500 800]
	SymbolLine[500 5000 1500 5000 800]
	SymbolLine[0 4500 500 5000 800]
)
Symbol['p' 1200]
(
	SymbolLine[500 3500 500 6500 800]
	SymbolLine[0 3000 500 3500 800]
	SymbolLine[500 3500 1000 3000 800]
	SymbolLine[1000 3000 2000 3000 800]
	SymbolLine[2000 3000 2500 3500 800]
	SymbolLine[2500 3500 2500 4500 800]
	SymbolLine[2000 5000 2500 4500 800]
	SymbolLine[1000 5000 2000 5000 800]
	SymbolLine[500 4500 1000 5000 800]
)
Symbol['q' 1200]
(
	SymbolLine[2000 3500 2000 6500 800]
	SymbolLine[1500 3000 2000 3500 800]
	SymbolLine[500 3000 1500 3000 800]
	SymbolLine[0 3500 500 3000 800]
	SymbolLine[0 3500 0 4500 800]
	SymbolLine[0 4500 500 5000 800]
	SymbolLine[500 5000 1500 5000 800]
	SymbolLine[1500 5000 2000 4500 800]
)
Symbol['r' 1200]
(
	SymbolLine[500 3500 500 5000 800]
	SymbolLine[500 3500 1000 3000 800]
	SymbolLine[1000 3000 2000 3000 800]
	SymbolLine[0 3000 500 3500 800]
)
Symbol['s' 1200]
(
	SymbolLine[500 5000 2000 5000 800]
	SymbolLine[2000 5000 2500 4500 800]
	SymbolLine[2000 4000 2500 4500 800]
	SymbolLine[500 4000 2000 4000 800]
	SymbolLine[0 3500 500 4000 800]
	SymbolLine[0 3500 500 3000 800]
	SymbolLine[500 3000 2000 3000 800]
	SymbolLine[2000 3000 2500 3500 800]
	SymbolLine[0 4500 500 5000 800]
)
Symbol['t' 1000]
(
	SymbolLine[500 1000 500 4500 800]
	SymbolLine[500 4500 1000 5000 800]
	SymbolLine[0 2500 1000 2500 800]
)
Symbol['u' 1200]
(
	SymbolLine[0 3000 0 4500 800]
	SymbolLine[0 4500 500 5000 800]
	SymbolLine[500 5000 1500 5000 800]
	SymbolLine[1500 5000 2000 4500 800]
	SymbolLine[2000 3000 2000 4500 800]
)
Symbol['v' 1200]
(
	SymbolLine[0 3000 1000 5000 800]
	SymbolLine[2000 3000 1000 5000 800]
)
Symbol['w' 1200]
(
	SymbolLine[0 3000 0 4500 800]
	SymbolLine[0 4500 500 5000 800]
	SymbolLine[500 5000 1000 5000 800]
	SymbolLine[1000 5000 1500 4500 800]
	SymbolLine[1500 3000 1500 4500 800]
	SymbolLine[1500 4500 2000 5000 800]
	SymbolLine[2000 5000 2500 5000 800]
	SymbolLine[2500 5000 3000 4500 800]
	SymbolLine[3000 3000 3000 4500 800]
)
Symbol['x' 1200]
(
	SymbolLine[0 3000 2000 5000 800]
	SymbolLine[0 5000 2000 3000 800]
)
Symbol['y' 1200]
(
	SymbolLine[0 3000 0 4500 800]
	SymbolLine[0 4500 500 5000 800]
	SymbolLine[2000 3000 2000 6000 800]
	SymbolLine[1500 6500 2000 6000 800]
	SymbolLine[500 6500 1500 6500 800]
	SymbolLine[0 6000 500 6500 800]
	SymbolLine[500 5000 1500 5000 800]
	SymbolLine[1500 5000 2000 4500 800]
)
Symbol['z' 1200]
(
	SymbolLine[0 3000 2000 3000 800]
	SymbolLine[0 5000 2000 3000 800]
	SymbolLine[0 5000 2000 5000 800]
)
Symbol['{' 1200]
(
	SymbolLine[500 1500 1000 1000 800]
	SymbolLine[500 1500 500 2500 800]
	SymbolLine[0 3000 500 2500 800]
	SymbolLine[0 3000 500 3500 800]
	SymbolLine[500 3500 500 4500 800]
	SymbolLine[500 4500 1000 5000 800]
)
Symbol['|' 1200]
(
	SymbolLine[0 1000 0 5000 800]
)
Symbol['}' 1200]
(
	SymbolLine[0 1000 500 1500 800]
	SymbolLine[500 1500 500 2500 800]
	SymbolLine[500 2500 1000 3000 800]
	SymbolLine[500 3500 1000 3000 800]
	SymbolLine[500 3500 500 4500 800]
	SymbolLine[0 5000 500 4500 800]
)
Symbol['~' 1200]
(
	SymbolLine[0 3500 500 3000 800]
	SymbolLine[500 3000 1000 3000 800]
	SymbolLine[1000 3000 1500 3500 800]
	SymbolLine[1500 3500 2000 3500 800]
	SymbolLine[2000 3500 2500 3000 800]
)
Attribute("PCB::grid::unit" "mil")
Via[211157 90591 22000 2000 0 6500 "" ""]
Via[210157 138591 22000 2000 0 6500 "" ""]
Via[210157 198591 22000 2000 0 6500 "" ""]
Via[211157 30591 22000 2000 0 6500 "" ""]
Via[460000 47000 14000 2000 0 8000 "" ""]
Via[460000 68000 14000 2000 0 8000 "" ""]
Via[486000 47000 14000 2000 0 8000 "" ""]
Via[486000 68000 14000 2000 0 8000 "" ""]
Via[513000 47000 14000 2000 0 8000 "" ""]
Via[513000 68000 14000 2000 0 8000 "" ""]
Via[460000 157000 14000 2000 0 8000 "" ""]
Via[482000 157000 14000 2000 0 8000 "" ""]
Via[460000 175000 14000 2000 0 8000 "" ""]
Via[482000 175000 14000 2000 0 8000 "" ""]
Via[505000 157000 14000 2000 0 8000 "" ""]
Via[505000 175000 14000 2000 0 8000 "" ""]
Via[528000 157000 14000 2000 0 8000 "" ""]
Via[528000 175000 14000 2000 0 8000 "" ""]
Via[521000 17000 14000 1200 0 11600 "" ""]
Via[521000 216000 14000 1200 0 11600 "" ""]
Via[17000 17000 14000 1200 0 11600 "" ""]
Via[17000 216000 14000 1200 0 11600 "" ""]

Element["" "" "" "" 315000 168000 0 0 0 100 ""]
(
	Pin[-104843 -29409 12600 2000 13200 6300 "" "1" "edge2"]
	Pin[-104843 591 12600 2000 13200 6300 "" "2" "edge2"]
	Pin[-104843 30591 12600 2000 13200 6300 "" "3" "edge2"]
	Pin[95157 15591 12600 2000 13200 6300 "" "5" "edge2"]
	Pin[95157 591 12600 2000 13200 6300 "" "6" "edge2"]
	Pin[95157 -14409 12600 2000 13200 6300 "" "7" "edge2"]
	Pin[95157 30591 14569 2000 15169 8700 "" "4" "edge2"]
	Pin[95157 -29409 14569 2000 15169 8700 "" "8" "edge2"]
	ElementLine [65906 -44370 65906 45394 1000]
	ElementLine [33858 45354 33898 45394 1000]
	ElementLine [33858 -44370 33858 45354 1000]
	ElementLine [-48898 -44370 -48898 45394 1000]
	ElementLine [-17283 45354 -17323 45394 1000]
	ElementLine [-17283 -44370 -17283 45354 1000]
	ElementLine [-119803 -44370 -119803 45394 1000]
	ElementLine [-119803 45394 110118 45394 1000]
	ElementLine [110118 45394 110118 -44370 1000]
	ElementLine [110118 -44370 -119803 -44370 1000]
	ElementLine [-98543 -44370 -49331 -44370 1000]
	ElementLine [-49331 -44370 -49331 -669 1000]
	ElementLine [-49331 -669 -98543 -669 1000]
	ElementLine [-98543 -669 -98543 -43976 1000]
	ElementLine [-98543 -43976 -98937 -44370 1000]
	ElementLine [-48898 44843 -48150 44843 1000]
	ElementLine [-48150 44843 -18543 15236 1000]
	ElementLine [-48898 26496 -48465 26496 1000]
	ElementLine [-48465 26496 -17874 -4094 1000]
	ElementLine [-48150 3976 -47559 3976 1000]
	ElementLine [-47559 3976 -17283 -26299 1000]
	ElementLine [-48898 -18898 -48504 -18898 1000]
	ElementLine [-48504 -18898 -23031 -44370 1000]
	ElementLine [-98543 -28228 -98425 -28228 1000]
	ElementLine [-98425 -28228 -82283 -44370 1000]
	ElementLine [-98543 -39488 -98543 -39724 1000]
	ElementLine [-98543 -39724 -93898 -44370 1000]
	ElementLine [-98543 -20197 -98110 -20197 1000]
	ElementLine [-98110 -20197 -73937 -44370 1000]
	ElementLine [-98543 -11496 -98543 -11693 1000]
	ElementLine [-98543 -11693 -65866 -44370 1000]
	ElementLine [-98543 -5709 -98425 -5709 1000]
	ElementLine [-98425 -5709 -59764 -44370 1000]
	ElementLine [-94528 -669 -94528 -1220 1000]
	ElementLine [-94528 -1220 -51378 -44370 1000]
	ElementLine [-82953 -669 -82598 -669 1000]
	ElementLine [-82598 -669 -48898 -34370 1000]
	ElementLine [-71654 -669 -71102 -669 1000]
	ElementLine [-71102 -669 -49331 -22441 1000]
	ElementLine [-60079 -669 -60079 -1378 1000]
	ElementLine [-60079 -1378 -49331 -12126 1000]
	ElementLine [33996 45492 33996 43917 1000]
	ElementLine [33996 43917 65906 12008 1000]
	ElementLine [33858 24252 33858 24016 1000]
	ElementLine [33858 24016 65197 -7323 1000]
	ElementLine [33858 2677 34291 2677 1000]
	ElementLine [34291 2677 64882 -27913 1000]
	ElementLine [33858 -22126 33858 -23031 1000]
	ElementLine [33858 -23031 55197 -44370 1000]
	ElementLine [33858 -14055 33858 -14646 1000]
	ElementLine [33858 -14646 63583 -44370 1000]
	ElementLine [33858 -35630 33858 -36220 1000]
	ElementLine [33858 -36220 42008 -44370 1000]
	ElementLine [47480 45394 48307 45394 1000]
	ElementLine [48307 45394 65906 27795 1000]
	ElementLine [-32047 44843 -31772 44843 1000]
	ElementLine [-31772 44843 -17283 30354 1000]
	ElementLine [-48898 -34370 -48504 -34370 1000]
	ElementLine [-48504 -34370 -38504 -44370 1000]
	ElementLine [-48898 -6969 -48543 -6969 1000]
	ElementLine [-48543 -6969 -17283 -38228 1000]
	ElementLine [-48898 14252 -48898 13425 1000]
	ElementLine [-48898 13425 -17874 -17598 1000]
	ElementArc [-94094 44685 7402 7402 270 90 1000]
	ElementArc [-94094 44685 7402 7402 180 90 1000]
	ElementArc [84409 -44370 9213 9213 90 90 1000]
	ElementArc [84291 -44488 9016 9016 0 90 1000]

	)

Element["" "" "" "" 316000 60000 0 0 0 100 ""]
(
	Pin[-104843 -29409 12600 2000 13200 6300 "" "1" "edge2"]
	Pin[-104843 591 12600 2000 13200 6300 "" "2" "edge2"]
	Pin[-104843 30591 12600 2000 13200 6300 "" "3" "edge2"]
	Pin[95157 15591 12600 2000 13200 6300 "" "5" "edge2"]
	Pin[95157 591 12600 2000 13200 6300 "" "6" "edge2"]
	Pin[95157 -14409 12600 2000 13200 6300 "" "7" "edge2"]
	Pin[95157 30591 14569 2000 15169 8700 "" "4" "edge2"]
	Pin[95157 -29409 14569 2000 15169 8700 "" "8" "edge2"]
	ElementLine [65906 -44370 65906 45394 1000]
	ElementLine [33858 45354 33898 45394 1000]
	ElementLine [33858 -44370 33858 45354 1000]
	ElementLine [-48898 -44370 -48898 45394 1000]
	ElementLine [-17283 45354 -17323 45394 1000]
	ElementLine [-17283 -44370 -17283 45354 1000]
	ElementLine [-119803 -44370 -119803 45394 1000]
	ElementLine [-119803 45394 110118 45394 1000]
	ElementLine [110118 45394 110118 -44370 1000]
	ElementLine [110118 -44370 -119803 -44370 1000]
	ElementLine [-98543 -44370 -49331 -44370 1000]
	ElementLine [-49331 -44370 -49331 -669 1000]
	ElementLine [-49331 -669 -98543 -669 1000]
	ElementLine [-98543 -669 -98543 -43976 1000]
	ElementLine [-98543 -43976 -98937 -44370 1000]
	ElementLine [-48898 44843 -48150 44843 1000]
	ElementLine [-48150 44843 -18543 15236 1000]
	ElementLine [-48898 26496 -48465 26496 1000]
	ElementLine [-48465 26496 -17874 -4094 1000]
	ElementLine [-48150 3976 -47559 3976 1000]
	ElementLine [-47559 3976 -17283 -26299 1000]
	ElementLine [-48898 -18898 -48504 -18898 1000]
	ElementLine [-48504 -18898 -23031 -44370 1000]
	ElementLine [-98543 -28228 -98425 -28228 1000]
	ElementLine [-98425 -28228 -82283 -44370 1000]
	ElementLine [-98543 -39488 -98543 -39724 1000]
	ElementLine [-98543 -39724 -93898 -44370 1000]
	ElementLine [-98543 -20197 -98110 -20197 1000]
	ElementLine [-98110 -20197 -73937 -44370 1000]
	ElementLine [-98543 -11496 -98543 -11693 1000]
	ElementLine [-98543 -11693 -65866 -44370 1000]
	ElementLine [-98543 -5709 -98425 -5709 1000]
	ElementLine [-98425 -5709 -59764 -44370 1000]
	ElementLine [-94528 -669 -94528 -1220 1000]
	ElementLine [-94528 -1220 -51378 -44370 1000]
	ElementLine [-82953 -669 -82598 -669 1000]
	ElementLine [-82598 -669 -48898 -34370 1000]
	ElementLine [-71654 -669 -71102 -669 1000]
	ElementLine [-71102 -669 -49331 -22441 1000]
	ElementLine [-60079 -669 -60079 -1378 1000]
	ElementLine [-60079 -1378 -49331 -12126 1000]
	ElementLine [33996 45492 33996 43917 1000]
	ElementLine [33996 43917 65906 12008 1000]
	ElementLine [33858 24252 33858 24016 1000]
	ElementLine [33858 24016 65197 -7323 1000]
	ElementLine [33858 2677 34291 2677 1000]
	ElementLine [34291 2677 64882 -27913 1000]
	ElementLine [33858 -22126 33858 -23031 1000]
	ElementLine [33858 -23031 55197 -44370 1000]
	ElementLine [33858 -14055 33858 -14646 1000]
	ElementLine [33858 -14646 63583 -44370 1000]
	ElementLine [33858 -35630 33858 -36220 1000]
	ElementLine [33858 -36220 42008 -44370 1000]
	ElementLine [47480 45394 48307 45394 1000]
	ElementLine [48307 45394 65906 27795 1000]
	ElementLine [-32047 44843 -31772 44843 1000]
	ElementLine [-31772 44843 -17283 30354 1000]
	ElementLine [-48898 -34370 -48504 -34370 1000]
	ElementLine [-48504 -34370 -38504 -44370 1000]
	ElementLine [-48898 -6969 -48543 -6969 1000]
	ElementLine [-48543 -6969 -17283 -38228 1000]
	ElementLine [-48898 14252 -48898 13425 1000]
	ElementLine [-48898 13425 -17874 -17598 1000]
	ElementArc [-94094 44685 7402 7402 270 90 1000]
	ElementArc [-94094 44685 7402 7402 180 90 1000]
	ElementArc [84409 -44370 9213 9213 90 90 1000]
	ElementArc [84291 -44488 9016 9016 0 90 1000]

	)

Element["" "" "" "" 150000 121000 0 0 1 100 ""]
(
	Pin[-1230 30150 12000 2000 12600 6500 "" "1" ""]
	Pin[-1250 10150 12000 2000 12600 6500 "" "2" ""]
	Pin[-1250 -9850 12000 2000 12600 6500 "" "3" ""]
	Pin[-1250 -29850 12000 2000 12600 6500 "" "4" ""]
	ElementLine [-16500 -38238 15171 -38238 1000]
	ElementLine [15171 39500 15162 -38228 1000]
	ElementLine [-16500 -38240 -16500 39500 1000]
	ElementLine [-16469 39500 15122 39500 1000]

	)

Element["" "" "" "" 78000 121000 0 0 1 100 ""]
(
	Pin[-1230 30150 12000 2000 12600 6500 "" "1" ""]
	Pin[-1250 10150 12000 2000 12600 6500 "" "2" ""]
	Pin[-1250 -9850 12000 2000 12600 6500 "" "3" ""]
	Pin[-1250 -29850 12000 2000 12600 6500 "" "4" ""]
	ElementLine [-16500 -38238 15171 -38238 1000]
	ElementLine [15171 39500 15162 -38228 1000]
	ElementLine [-16500 -38240 -16500 39500 1000]
	ElementLine [-16469 39500 15122 39500 1000]

	)
Layer(1 "Bottom")
(
	Line[411748 30000 411157 30591 4000 2000 "clearline"]
	Line[209748 92000 211157 90591 4000 2000 "clearline"]
	Line[209566 138000 210157 138591 4000 2000 "clearline"]
	Line[210157 138591 210409 138591 4000 2000 "clearline"]
	Line[210748 91000 211157 90591 4000 2000 "clearline"]
	Line[209748 139000 210157 138591 4000 2000 "clearline"]
	Line[209566 198000 210157 198591 4000 2000 "clearline"]
	Line[460000 157000 460000 156591 9000 2000 "clearline"]
	Line[482000 157000 482000 156591 9000 2000 "clearline"]
	Line[505000 157000 504409 157000 9000 2000 "clearline"]
	Line[460000 175000 459591 175000 9000 2000 "clearline"]
	Line[482000 175000 482000 175591 9000 2000 "clearline"]
	Line[505000 175000 504591 175000 9000 2000 "clearline"]
	Line[411157 30591 496591 30591 7500 2000 "clearline"]
	Line[496591 30591 513000 47000 7500 2000 "clearline"]
	Line[460000 47000 443591 30591 7500 2000 "clearline"]
	Line[486000 47000 485818 47000 7500 2000 "clearline"]
	Line[485818 47000 469409 30591 7500 2000 "clearline"]
	Line[411157 90591 490409 90591 7500 2000 "clearline"]
	Line[490409 90591 513000 68000 7500 2000 "clearline"]
	Line[486000 68000 486000 68182 7500 2000 "clearline"]
	Line[486000 68182 463591 90591 7500 2000 "clearline"]
	Line[460000 68000 460000 68591 7500 2000 "clearline"]
	Line[460000 68591 438000 90591 7500 2000 "clearline"]
	Line[211157 30591 71409 30591 37000 2000 "clearline"]
	Line[76770 151150 148770 151150 37000 2000 "clearline"]
	Line[76750 91150 210598 91150 37000 2000 "clearline"]
	Line[210598 91150 210748 91000 37000 2000 "clearline"]
	Line[211157 90591 251591 90591 37000 2000 "clearline"]
	Line[251591 90591 273000 112000 37000 2000 "clearline"]
	Line[273000 112000 273000 135748 37000 2000 "clearline"]
	Line[210157 198591 248409 198591 37000 2000 "clearline"]
	Line[248409 198591 272000 175000 37000 2000 "clearline"]
	Line[272000 175000 272000 111000 37000 2000 "clearline"]
	Line[71000 30591 59409 30591 37000 2000 "clearline"]
	Line[59409 30591 34000 56000 37000 2000 "clearline"]
	Line[34000 56000 34000 114150 37000 2000 "clearline"]
	Line[34000 114150 71000 151150 37000 2000 "clearline"]
	Line[211157 60591 211157 30591 20000 1200 "clearline"]
	Line[210157 168591 210157 138591 20000 1200 "clearline"]
	Line[410157 198591 504409 198591 8800 2000 "clearline"]
	Line[504409 198591 528000 175000 8800 2000 "clearline"]
	Line[504591 175000 481000 198591 8800 2000 "clearline"]
	Line[482000 175000 481591 175000 8800 2000 "clearline"]
	Line[481591 175000 458000 198591 8800 2000 "clearline"]
	Line[460000 175000 460000 175182 8800 2000 "clearline"]
	Line[460000 175182 436591 198591 8800 2000 "clearline"]
	Line[410157 138591 509591 138591 8800 2000 "clearline"]
	Line[509591 138591 528000 157000 8800 2000 "clearline"]
	Line[505000 157000 505000 156591 8800 2000 "clearline"]
	Line[505000 156591 487000 138591 8800 2000 "clearline"]
	Line[482000 156591 464000 138591 8800 2000 "clearline"]
	Line[460000 156591 442000 138591 8800 2000 "clearline"]
	Line[149000 151150 196850 151150 37000 2000 "clearline"]
	Line[196850 151150 209783 138217 37000 2000 "clearline"]
	Line[209783 138217 209783 159626 37000 2000 "clearline"]
	Line[209783 159626 210157 160000 37000 2000 "clearline"]
	Line[211157 30591 211157 52000 37000 2000 "clearline"]
	Text[526000 40000 0 170 "+" "clearline"]
	Text[526000 63000 0 170 "-" "clearline"]
	Text[541000 152000 0 170 "+" "clearline"]
	Text[542000 171000 0 170 "-" "clearline"]
	Text[78000 64000 0 170 "+" "clearline"]
	Text[76000 171000 0 170 "-" "clearline"]
)
Layer(2 "Top")
(
)
Layer(3 "signal2")
(
)
Layer(4 "signal3")
(
)
Layer(5 "power")
(
)
Layer(6 "bottom")
(
)
Layer(7 "outline")
(
)
Layer(8 "spare")
(
)
Layer(9 "silk")
(
)
Layer(10 "silk")
(
)
